2015/08/13

YEARS SPANNED BY
================
NOAA DB1: 1968–2004
NOAA DB2: 1968–2011
BRETT DB: 1985–2011

NUM STORMS IN 
=============
NOAA DB1: 1110
NOAA DB2: 1272
BRETT DB: 1336

TOTAL STORMS IN EACH DB BY YEAR
===============================
YEAR   N NOAA_1    N NOAA_2    N BRETT     N BRETT (LG)N BRETT (SM)
1968     33          27           0           0           0
1969     34          34           0           0           0
1970     37          37           0           0           0
1971     29          29           0           0           0
1972     32          32           0           0           0
1973     17          17           0           0           0
1974     15          15           0           0           0
1975     13          13           0           0           0
1976     14          14           0           0           0
1977     19          19           0           0           0
1978     40          40           0           0           0
1979     39          39           0           0           0
1980     48          48           0           0           0
1981     49          52           0           0           0
1982     40          41           0           0           0
1983     28          33           0           0           0
1984     13          20           0           0           0
1985     18          20          62          17          45
1986     16          21          35          16          19
1987     16          24          45           8          37
1988     38          36          62          17          45
1989     65          69          70          45          25
1990     43          43          61          29          32
1991     58          58          75          42          33
1992     47          47          65          30          35
1993     27          27          59          28          31
1994     13          13          48          17          31
1995     23          23          45          20          25
1996      9           9          47           3          44
1997     28          28          43          16          27
1998     35          35          57          24          33
1999     31          31          53          16          37
2000     44          44          62          28          34
2001     42          42          60          24          36
2002     36          36          62          22          40
2003     13          13          62          23          39
2004      8          26          47          13          34
2005      0          26          50          21          29
2006      0          20          37          12          25
2007      0          14          22           4          18
2008      0          19          27           3          24
2009      0          21          19           1          18
2010      0          15          27           5          22
2011      0           2          34           9          25
